0111001100010001011110000100000110001000101000011100011110001010
0100111010100100010101000110010110110101111100000111110000000101
0000100000110110001110001001111011101010011000011111110100011011
1111000010011000011011010101100001000101110011010111100010110110
1001111101101101001001101111000111101011001101100011111011001011
0010010001011011010010010010101101010110111011111101110001101011
1000001110100010001001001111101000001111101010010001010001011101
0011110001000101100011010110100101001000110001101111010000101100
1000111110010011001110010001011001011101000101000110001011100010
0011010101110010000011000110110110010101011110110110011100000011
0001010011101110100101101011000110111011101101010101110101101010
0101101101001111011100100111110100101000111100011101011101111010
0010000001101111010011011001111101011101101110111000111000000000
1101110101110001001010001010000100000101010011100100000101111011
1011000000011000110001001101111110010001001110000110100101010001
0001110000100101101100101111001100000110011011000000111100101000
1100111101010001100001011011011100010000001101100100010110110000
1110110111110101110111111110001100111100101011001011111010011011
0111011010110011101111110110100111101100101010001011100011010000
1001101000111101011011100110110010110110111110001111001011110000
1110100100100000000001101000001110111101111101110000011001100110
1110000110110110110110010110111000110011110111111000000111010100
1000010011110111010110100101010011110000010100011011011100010001
1110111011100011000001101100110101001110101101010010110001111001
0011000111010000010000111101110010001111011000100111101111001011
0100000010111101000000001011011011000110010101111100001100010111
0001101000110011011010110011110011000011011110101110101100111010
0011000110100010001000010111011001000100100100000110101001101111
0101110000000010100001111110110010000001110011010100101010101110
0001011111100110110011110001110011100100111110011100000111000111
0111111101110110011110000011110011011010111011101001100010101011
0000100111010100111010011000010110011011010101010001111001111101
0111111000111100101111001111111000010011001001111001001001011101
1110000000100000001011000111000110100011011101111011011111000110
0001001110010010111011010111111110000001011000101001010011001001
0010010111110011010111110101110101001101111010010001001001110001
1110010111011110011000110111000011100100001011110111110111000100
1011101010001101111010100111011101001111010001110001000011100101
0110110000000010101100111001001001000000010010001100100011100111
0011111110110010000101101101111000101010000011010111110001100110
1010001010111110110110001001001111000111011100111011011011001001
1111000100011000001010101111001100110011000011001101111011110001
1111110111101011010001000110101111011010011000111101110011100110
0011101010111100101000101110000110001101100000111100000011010111
1110001101101101011101110101000110111000011111001000001101001111
1011100011111101110001011111111101010010000010101110010010100101
0111011011111110001010001100000000111011001000000100111111101110
1101001000110111010110101001110111000101100110011100111011110100
1101010011001011011111010000111001110010110101010011100111000001
1101011000100001111001100101101011010110011001111111111110011010
1110001111000110110010010000111000010000111011000100111010101010
1001000111111001011000101111100110001011111000001111000011110101
1101111110010011111101110111111000100010111010110001001110110001
1000100001101111000110001110100010100011111110010111100001110101
0111001000100101101011011110010011011101011101110110000011100101
0010100110111011011100010110011101111100010111111000000111001110
1011110010011101111010011101011100000010111110000100101010100100
1000010110001001001000100100110010100110000111110011000111110101
0111111100111010101010000101110100110001111101000010001001111001
0101111111110010000001000001111011111100110001100011111110111111
1000110101000010011001100111011001010000001101110101010110011101
1110110110010100011100111000000000000100110111010100101010101100
1111001010001100001100111101001101011101100110110111111000000001
0110000110010001010000011001111000100010101001101101011001011011
1100010110100000110101001001011101010010001110000010011101000011
0011010000010000100111100101100000010010010001100001111100001010
0010100101011010110011011010110111110011001111100011110000010001
0000110110100100110010101110111011001010010011101000110100000111
0101001111000010010110000000011000001110101011101010001010101100
0101111101001110011111011101010100111110010110100000101000001110
0001110111000011101010000100010000010001110001000111011001101010
1001001010011001001001111101101011011010110001100100000100110010
1110101011010100010011111111001111110010000010001101111001100111
0000110100001100111000111101101000001110011100111011111100000100
0111010100010001101011000000101000011011011000001010001100111011
0110110010011100100011110001110101010101010011000100010110010100
1111010001011101001001100101110000011011111011000101000100100110
1100111110010011110111100011100010010100100011011111110100110010
1101110111001110011000010000001010000101110100111111110010001000
0010001000110101010001010100101011100100000110100011000111111101
1101000111100000101010000001101011001100110001110000001000101101
0011011001101101111111111101011010001101010101111100110101110001
1010101010100110111100000001111011011111011110110001111110000100
1111000100110011001100101011011101001011000011110001011111100000
1010001001000111111101010111100000101110010010000101100011010001
1011100100110001000000110110001100100111011111001101100011001110
1001100100011001001001011000010100011000111010100000010100000110
1000110111011001100100010010000011011000001110001100101111101010
1010100000001110110111101000101111001001011010110010100001101110
1111110001101111001011011001001011110110111110110101100110001001
0100001010111011011001010011100001010000110011001100011101110011
0011110110100110000011011000010100010101000100100001011110100110
1111101011100010111101011101110111101010010110001101001100101011
1100111111010100100001011100010010011111101100000111000101000000
0001111101001100001101010011110001000101011011010101001101110100
0011011001101010010111101110011000011100110110001100100001000101
0111100000110111010111100100101001011010001001110111100100011000
0111011010111010110110101001100010110011101011001010001110010011
0000110000010100000000001010111110001100011110000000111011111000
1111100111011001111011100101011000111000010000101001100111010011
