1111101110100111101011001111100111111111010111111100000111001011
1111111011110101110100010011111101111111110111011111101011110111
1111111011110101110100010011111101111111110111011111101011110111
1111111011110101110100010011111101111111110111011111101011110111
1111111111110101110100010010111111111111110111011111101011110111
1111111111110101110100010110111111111111110111011111101011110111
1111111111110101110100110011111111111111110111011111101011110111
1111111111110101110100110011111111111111110111011111101011110111
1111111111110101110100110011111111111111110111011111101011110111
1111111111110101110100110011111111111111110111011111101011110111
1111111111110101110100110011111111111111110111011111101011110111
1111111111110101110100110011111111111111110111011111101011110111
1111111111110101111100111011101111111111110111011111101011110111
1111111111110101111100111011101111111111110111011111101011110111
1111111111110101111100111011101111111111110111011111101011110111
1111111111110101111100111011101111111111110111011111101011110111
1111111111010101011101111111101111111111111111111111101011110101
1111111111010101011101111111101111111111111111111111101011110101
1111111111010101011101111111101111111111111111111111101011110101
1111111111010101011101111111101111111111111111111111101011110101
1111111111010101011101111111101111111111111111111111101011110101
1111111111011101011101111111101111111111111111111111101011110101
1111111111010101011111111111101111111111111111111111101111110101
1111111111010101011111111111111111111111111111111111101111110111
1111111111110101011111111111111111111111111111111111101111110111
1111111111110101011111111111111111111111111111111111101111110111
1111111111110101011111111111111111111111111111111111101111110111
1111111111110101011111111111111111111111111111111111101111110111
1111111111110101011111111111111111111111111111111111101111110111
1111111111110101011111111111111111111111111111111111111111110111
1111111111110101011111111111111111111111111111111111111111110111
1111111111110101011111111111111111111111111111111111111111110111
1111111111110101011111111111111111111111111111111111111111110111
1111111111110101011111111111111111111111111111111111111111110111
1111111111110101011111111111111111111111111111111111111111110111
1111111111110101011111111111111111111111111111111111111111110111
1111111111110101011111111111111111111111111111111111111111110111
1111111111110101111111111111111111111111111111111111111111110111
1111111111110101111111111111111111111111111111111111111111110111
1111111111110101111111111111111111111111111111111111111111110111
1111111111110101111111111111111111111111111111111111111111110111
1111111111110101111111111111111111111111111111111111111111110111
1111111111110101111111111111111111111111111111111111111111110111
1111111111110101111111111111111111111111111111111111111111110111
1111111111110101111111111111111111111111111111111111111111110111
1111111111110101111111111111111111111111111111111111111111110111
1111111111110101111111111111111111111111111111111111111111110111
1111111111110101111111111111111111111111111111111111111111110111
1111111111110101111111111111111111111111111111111111111111110111
1111111111110101111111111111111111111111111111111111111111110111
1111111111110101111111111111111111111111111111111111111111110111
1111111111110101111111111111111111111111111111111111111111110111
1111111111110101111111111111111111111111111111111111111111110111
1111111111110101111111111111111111111111111111111111111111110111
1111111111110101111111111111111111111111111111111111111111110111
1111111111110101111111111111111111111111111111111111111111110111
1111111111110101111111111111111111111111111111111111111111110111
1111111111110101111111111111111111111111111111111111111111110111
1111111111110101111111111111111111111111111111111111111111110111
1111111111111101111111111111111111111111111111111111111111111111
1111111111111101111111111111111111111111111111111111111111111111
1111111111111101111111111111111111111111111111111111111111111111
1111111111111101111111111111111111111111111111111111111111111111
1111111111111101111111111111111111111111111111111111111111111111
1111111111111101111111111111111111111111111111111111111111111111
1111111111111111111111111111111111111111111111111111111111111111
1111111111111111111111111111111111111111111111111111111111111111
1111111111111111111111111111111111111111111111111111111111111111
1111111111111111111111111111111111111111111111111111111111111111
1111111111111111111111111111111111111111111111111111111111111111
1111111111111111111111111111111111111111111111111111111111111111
1111111111111111111111111111111111111111111111111111111111111111
1111111111111111111111111111111111111111111111111111111111111111
1111111111111111111111111111111111111111111111111111111111111111
1111111111111111111111111111111111111111111111111111111111111111
1111111111111111111111111111111111111111111111111111111111111111
1111111111111111111111111111111111111111111111111111111111111111
1111111111111111111111111111111111111111111111111111111111111111
1111111111111111111111111111111111111111111111111111111111111111
1111111111111111111111111111111111111111111111111111111111111111
1111111111111111111111111111111111111111111111111111111111111111
1111111111111111111111111111111111111111111111111111111111111111
1111111111111111111111111111111111111111111111111111111111111111
1111111111111111111111111111111111111111111111111111111111111111
1111111111111111111111111111111111111111111111111111111111111111
1111111111111111111111111111111111111111111111111111111111111111
1111111111111111111111111111111111111111111111111111111111111111
1111111111111111111111111111111111111111111111111111111111111111
1111111111111111111111111111111111111111111111111111111111111111
1111111111111111111111111111111111111111111111111111111111111111
1111111111111111111111111111111111111111111111111111111111111111
1111111111111111111111111111111111111111111111111111111111111111
1111111111111111111111111111111111111111111111111111111111111111
1111111111111111111111111111111111111111111111111111111111111111
1111111111111111111111111111111111111111111111111111111111111111
1111111111111111111111111111111111111111111111111111111111111111
1111111111111111111111111111111111111111111111111111111111111111
1111111111111111111111111111111111111111111111111111111111111111
1111111111111111111111111111111111111111111111111111111111111111
1111111111111111111111111111111111111111111111111111111111111111
1111111111111111111111111111111111111111111111111111111111111111
1111111111111111111111111111111111111111111111111111111111111111
1111111111111111111111111111111111111111111111111111111111111111
1111111111111111111111111111111111111111111111111111111111111111
1111111111111111111111111111111111111111111111111111111111111111
1111111111111111111111111111111111111111111111111111111111111111
1111111111111111111111111111111111111111111111111111111111111111
1111111111111111111111111111111111111111111111111111111111111111
1111111111111111111111111111111111111111111111111111111111111111
1111111111111111111111111111111111111111111111111111111111111111
1111111111111111111111111111111111111111111111111111111111111111
1111111111111111111111111111111111111111111111111111111111111111
1111111111111111111111111111111111111111111111111111111111111111
1111111111111111111111111111111111111111111111111111111111111111
1111111111111111111111111111111111111111111111111111111111111111
1111111111111111111111111111111111111111111111111111111111111111
1111111111111111111111111111111111111111111111111111111111111111
1111111111111111111111111111111111111111111111111111111111111111
1111111111111111111111111111111111111111111111111111111111111111
1111111111111111111111111111111111111111111111111111111111111111
1111111111111111111111111111111111111111111111111111111111111111
1111111111111111111111111111111111111111111111111111111111111111
1111111111111111111111111111111111111111111111111111111111111111
1111111111111111111111111111111111111111111111111111111111111111
1111111111111111111111111111111111111111111111111111111111111111
1111111111111111111111111111111111111111111111111111111111111111
1111111111111111111111111111111111111111111111111111111111111111
1111111111111111111111111111111111111111111111111111111111111111
1111111111111111111111111111111111111111111111111111111111111111
1111111111111111111111111111111111111111111111111111111111111111
1111111111111111111111111111111111111111111111111111111111111111
1111111111111111111111111111111111111111111111111111111111111111
1111111111111111111111111111111111111111111111111111111111111111
1111111111111111111111111111111111111111111111111111111111111111
1111111111111111111111111111111111111111111111111111111111111111
1111111111111111111111111111111111111111111111111111111111111111
1111111111111111111111111111111111111111111111111111111111111111
1111111111111111111111111111111111111111111111111111111111111111
1111111111111111111111111111111111111111111111111111111111111111
1111111111111111111111111111111111111111111111111111111111111111
1111111111111111111111111111111111111111111111111111111111111111
1111111111111111111111111111111111111111111111111111111111111111
1111111111111111111111111111111111111111111111111111111111111111
1111111111111111111111111111111111111111111111111111111111111111
1111111111111111111111111111111111111111111111111111111111111111
1111111111111111111111111111111111111111111111111111111111111111
1111111111111111111111111111111111111111111111111111111111111111
1111111111111111111111111111111111111111111111111111111111111111
1111111111111111111111111111111111111111111111111111111111111111
1111111111111111111111111111111111111111111111111111111111111111
1111111111111111111111111111111111111111111111111111111111111111
1111111111111111111111111111111111111111111111111111111111111111
1111111111111111111111111111111111111111111111111111111111111111
1111111111111111111111111111111111111111111111111111111111111111
1111111111111111111111111111111111111111111111111111111111111111
1111111111111111111111111111111111111111111111111111111111111111
1111111111111111111111111111111111111111111111111111111111111111
1111111111111111111111111111111111111111111111111111111111111111
1111111111111111111111111111111111111111111111111111111111111111
1111111111111111111111111111111111111111111111111111111111111111
1111111111111111111111111111111111111111111111111111111111111111
1111111111111111111111111111111111111111111111111111111111111111
1111111111111111111111111111111111111111111111111111111111111111
1111111111111111111111111111111111111111111111111111111111111111
1111111111111111111111111111111111111111111111111111111111111111
1111111111111111111111111111111111111111111111111111111111111111
1111111111111111111111111111111111111111111111111111111111111111
1111111111111111111111111111111111111111111111111111111111111111
1111111111111111111111111111111111111111111111111111111111111111
1111111111111111111111111111111111111111111111111111111111111111
1111111111111111111111111111111111111111111111111111111111111111
1111111111111111111111111111111111111111111111111111111111111111
1111111111111111111111111111111111111111111111111111111111111111
1111111111111111111111111111111111111111111111111111111111111111
1111111111111111111111111111111111111111111111111111111111111111
1111111111111111111111111111111111111111111111111111111111111111
1111111111111111111111111111111111111111111111111111111111111111
1111111111111111111111111111111111111111111111111111111111111111
1111111111111111111111111111111111111111111111111111111111111111
1111111111111111111111111111111111111111111111111111111111111111
1111111111111111111111111111111111111111111111111111111111111111
1111111111111111111111111111111111111111111111111111111111111111
1111111111111111111111111111111111111111111111111111111111111111
1111111111111111111111111111111111111111111111111111111111111111
1111111111111111111111111111111111111111111111111111111111111111
1111111111111111111111111111111111111111111111111111111111111111
1111111111111111111111111111111111111111111111111111111111111111
1111111111111111111111111111111111111111111111111111111111111111
1111111111111111111111111111111111111111111111111111111111111111
1111111111111111111111111111111111111111111111111111111111111111
1111111111111111111111111111111111111111111111111111111111111111
1111111111111111111111111111111111111111111111111111111111111111
1111111111111111111111111111111111111111111111111111111111111111
1111111111111111111111111111111111111111111111111111111111111111
1111111111111111111111111111111111111111111111111111111111111111
1111111111111111111111111111111111111111111111111111111111111111
1111111111111111111111111111111111111111111111111111111111111111
1111111111111111111111111111111111111111111111111111111111111111
1111111111111111111111111111111111111111111111111111111111111111
1111111111111111111111111111111111111111111111111111111111111111
