1111111111111111111111111111111111111111111111111111111111111111
1111111111111111111111111111001111111111111111011111111111011111
1111101111111101111101101111111001111111111111111111111111011111
1111111111111111111101101111001111111111111111111111111111011111
1111111111111111111101101111111001111111111111111111111111011111
1111111111111101111101101111001111111111111111111111111111111111
1111111111111111111111111111001111111111111111111111111011011111
1111111111111111111111111111001101111111111111111111111111011111
1111111111111111111111111111001111111111111111111111111111011111
1111111111111111111101101111111001111111111111111111111111011111
1111101111111111111101101111001111111111111111111111111111011111
1111111111111111111111111111001111111111111111111111111111011111
1111101111111111111101111111111111111110111111111111111111011111
1111101111111111111101111111111111111110111111111111111111011111
1111101111111101111101101111001111111111111111111111111111011111
1111101111111111111101111111111111111110111111111111111111011111
1111101111111111111111111111001111111111111111111111111111011111
1111111111111111111101101111001111111111111111111111111111011111
1111101111111111111101111111111111111110111111111111111111011111
1111111111111111111101101111001111111111111111111111111111011111
1111111111111111111101101111001111111111111111111111111111011111
1111111111111111111101101111111001111111111111111111111111011111
1111111111111111111111111111001111111111111111111111111111011111
1111101111111111111101101111001111111111111111111111111111011111
1111111111111111111101101111111001111110111111111111111111011111
1111101111111111111101111111111111111111111111111111111111011111
1111111111111111111101101111111001111111111111111111111111011111
1111111111111111111111111111001111111111111111111111111111011111
1111111111111111111111111111001111111111111111111111111111011111
1111111111111111111111111111001111111110111111111111111111111111
1111101111111111111101111111111111111110111111111111111111011111
1111111111111111111101101111111001111111111111111111111111111111
1111111111111111111101101111111001111111111111111111111111011111
1111111111111111111111111111001111111111111111111111111111011111
1111101111111111111101001111111001111111111111111111111111011111
1111111111111111111101101111111001111111111111111111111111111111
1111101111111111111101101111001111111111111111111111111111011111
1111101111111111111101101111111001111111111111111111111111011111
1111111111111111111101101111111001111110111111111111111111011111
1111101111111111111101101111111001111111111111111111111111011111
1111101111111111111101111111111111111111111111111111111111011111
1111101111111111111101011111111111111110111111111111111111011111
1111101111111111111101111111111111111110111111111111111111011111
1111101111111111111101101111001111111111111111111111111111011111
1111111111111111111111111111001111111111111111111111111111011111
1111111111111111111101101111001111111111111111111111111111011111
1111111111111111111101101111111001111111111111111111111111011111
1111101111111111111101101111111001111111111111111111111111011111
1111101111111111111101101111101111111111111111111111111111011111
1111111111111101111101101111011001111111111111111111111111011111
1111101111111111111101111111111001111111111111111111111111011111
1111111111111111111101101111111111111110111111111111111111011111
1111111111111111111101101111111001111111111111111111101111111111
1111111111111111111101101111111001111111111111111111111111011111
1111101111111111111101111111111001111111111111111111111111011111
1111101111111111111101101111111001111111111111111111111111011111
1111101111111111111101101111111001111111111111111111111111111111
1111111111111111111101111111111001111111111111111111111111011111
1111101111111111111111111111001111111111111111111111111111011111
1111111111111111111101101111101111111111111111111111111111011111
1111101111111111111101101111111001111111111111111111111111011111
1111111111111111111111111111001111111111111111111111111111011111
1111101111111111111101101111111001111111111111111111111111011111
1111111111111111111101101111111001111111111111111111111111011111
1111101111111111111101111111111111111111111111111111111111011111
1111101111111111111101111111111111111110111111111111111111011111
1111111111111111111101101111111011111110111111111111111111011111
1111101111111111111101011111111101111111111111111111111111011111
1111111111111111111101101111111001111111111111111111111111011111
1111101111111111111101101111001111111111111111111111111111011111
1111111111111111111111111111001111111111111111111111111111011111
1111111111111111111111111111001111111111111111111111111111011111
1111111111111111111111111111001111111111111111111111111111011111
1111111111111111111101101111001111111111111111111111111111011111
1111111111111111111111111111001111111111111111111111111111011111
1111111111111111011101101111101111111111111111111111111111011111
1111101111111111111101111111111001111111111111111111111111011111
1111111111111111111101101111111001111111111111111111111111011111
1111111111111111111111111111001111111111111111111111111011011111
1111111111111111111111111111001111111111111011111111111111011111
1111101111111111111101111111111111111111111111111111111111111111
1111101111111111111101101111111001111110111111111111111111011111
1111111111111111111101101111111001111111111111111111111111011111
1111111111111111111101101111111001111111111111111111111111011111
1111101111111111111101111111111111111110111111111111111111011111
1111111111111111111101101111111001111111111111111111111111011111
1111111111111111111101101111111001111111111111111111111111111111
1111111111111111111101101111111001111111111111111111111111011111
1111101111111111111101111111111111111111111111111111111111011111
1111101111111111111101101111111001111111111111111111111111011111
1111111111111111111101101111111001111111111111111111111111011111
1111101111111111111101101111111011111110111111111111111111011111
1111101111111111111101111111111111111111111111111111111111011111
1111111111111111011101101111101111111111111111111111111111011111
1111111111111111111101101111001111111111111111111111111111011111
1111111111111111111101101111111001111111111111111111111111011111
1111101111111111111101101111001111111111111111111111111111011111
1111111111111111111101101111111001111111111111111111111111011111
1111101111111111111101111111111111111111111111111111111111111111
1111111111111111111101101111111001111111111111111111111111011111
